{
  "model": "gemma_4_31b",
  "tasks": [
    "gsm8k",
    "bbh_date",
    "mmlu_pro"
  ],
  "entanglement": {
    "stat_matrix": [
      [
        0.0,
        -0.003869591683659193,
        0.022505845103849682,
        0.03449610973419768,
        0.05428105294475325,
        0.0007566878602809791
      ],
      [
        -0.003869591683659193,
        0.0,
        0.010350601002933184,
        0.06839400923995953,
        0.06230052298761425,
        -0.0041761548073904866
      ],
      [
        0.022505845103849682,
        0.010350601002933184,
        0.0,
        -0.0020267735497448217,
        0.021672879301228958,
        0.03160813911871394
      ],
      [
        0.03449610973419768,
        0.06839400923995953,
        -0.0020267735497448217,
        0.0,
        0.021715442906374616,
        -0.0019600643661320753
      ],
      [
        0.05428105294475325,
        0.06230052298761425,
        0.021672879301228958,
        0.021715442906374616,
        0.0,
        0.07893219807927494
      ],
      [
        0.0007566878602809791,
        -0.0041761548073904866,
        0.03160813911871394,
        -0.0019600643661320753,
        0.07893219807927494,
        0.0
      ]
    ],
    "pval_matrix": [
      [
        1.0,
        0.4665889246208921,
        0.06879843946599913,
        0.02565580776779287,
        0.026428232166514482,
        0.40528933608366186
      ],
      [
        0.4665889246208921,
        1.0,
        0.1611815906590754,
        0.010064415154287198,
        0.0019482685928851856,
        0.44296969882286885
      ],
      [
        0.06879843946599913,
        0.1611815906590754,
        1.0,
        0.9200136448180634,
        0.8304399926291914,
        0.024185434772050783
      ],
      [
        0.02565580776779287,
        0.010064415154287198,
        0.9200136448180634,
        1.0,
        0.6865006643710592,
        0.42617768323166316
      ],
      [
        0.026428232166514482,
        0.0019482685928851856,
        0.8304399926291914,
        0.6865006643710592,
        1.0,
        0.010542332842036362
      ],
      [
        0.40528933608366186,
        0.44296969882286885,
        0.024185434772050783,
        0.42617768323166316,
        0.010542332842036362,
        1.0
      ]
    ],
    "pval_adj_matrix": [
      [
        1.0,
        0.029224028893277784,
        0.029224028893277784,
        0.029224028893277784,
        0.029224028893277784,
        0.029224028893277784
      ],
      [
        0.029224028893277784,
        1.0,
        0.029224028893277784,
        0.05271166421018181,
        0.05271166421018181,
        0.05271166421018181
      ],
      [
        0.029224028893277784,
        0.029224028893277784,
        1.0,
        0.05271166421018181,
        0.0660705804162862,
        0.0660705804162862
      ],
      [
        0.029224028893277784,
        0.05271166421018181,
        0.05271166421018181,
        1.0,
        0.07696742330337861,
        0.07696742330337861
      ],
      [
        0.029224028893277784,
        0.05271166421018181,
        0.0660705804162862,
        0.07696742330337861,
        1.0,
        0.07696742330337861
      ],
      [
        0.029224028893277784,
        0.05271166421018181,
        0.0660705804162862,
        0.07696742330337861,
        0.07696742330337861,
        1.0
      ]
    ],
    "n_significant": 6
  },
  "screening": {
    "gsm8k": {
      "pb_design": [
        [
          -1,
          -1,
          1,
          -1,
          1,
          1
        ],
        [
          1,
          -1,
          -1,
          -1,
          -1,
          1
        ],
        [
          -1,
          1,
          -1,
          -1,
          1,
          -1
        ],
        [
          1,
          1,
          1,
          -1,
          -1,
          -1
        ],
        [
          -1,
          -1,
          1,
          1,
          -1,
          -1
        ],
        [
          1,
          -1,
          -1,
          1,
          1,
          -1
        ],
        [
          -1,
          1,
          -1,
          1,
          -1,
          1
        ],
        [
          1,
          1,
          1,
          1,
          1,
          1
        ]
      ],
      "loo_design": [
        [
          1,
          1,
          1,
          1,
          1,
          1
        ],
        [
          -1,
          1,
          1,
          1,
          1,
          1
        ],
        [
          1,
          -1,
          1,
          1,
          1,
          1
        ],
        [
          1,
          1,
          -1,
          1,
          1,
          1
        ],
        [
          1,
          1,
          1,
          -1,
          1,
          1
        ],
        [
          1,
          1,
          1,
          1,
          -1,
          1
        ],
        [
          1,
          1,
          1,
          1,
          1,
          -1
        ]
      ],
      "pb_results": [],
      "loo_results": [],
      "pb_accuracies": [
        0.905,
        0.885,
        0.925,
        0.9,
        0.91,
        0.89,
        0.835,
        0.92
      ],
      "loo_accuracies": [
        0.92,
        0.915,
        0.91,
        0.895,
        0.9,
        0.885,
        0.905
      ]
    },
    "bbh_date": {
      "pb_design": [
        [
          -1,
          -1,
          1,
          -1,
          1,
          1
        ],
        [
          1,
          -1,
          -1,
          -1,
          -1,
          1
        ],
        [
          -1,
          1,
          -1,
          -1,
          1,
          -1
        ],
        [
          1,
          1,
          1,
          -1,
          -1,
          -1
        ],
        [
          -1,
          -1,
          1,
          1,
          -1,
          -1
        ],
        [
          1,
          -1,
          -1,
          1,
          1,
          -1
        ],
        [
          -1,
          1,
          -1,
          1,
          -1,
          1
        ],
        [
          1,
          1,
          1,
          1,
          1,
          1
        ]
      ],
      "loo_design": [
        [
          1,
          1,
          1,
          1,
          1,
          1
        ],
        [
          -1,
          1,
          1,
          1,
          1,
          1
        ],
        [
          1,
          -1,
          1,
          1,
          1,
          1
        ],
        [
          1,
          1,
          -1,
          1,
          1,
          1
        ],
        [
          1,
          1,
          1,
          -1,
          1,
          1
        ],
        [
          1,
          1,
          1,
          1,
          -1,
          1
        ],
        [
          1,
          1,
          1,
          1,
          1,
          -1
        ]
      ],
      "pb_results": [],
      "loo_results": [],
      "pb_accuracies": [
        0.855,
        0.825,
        0.795,
        0.775,
        0.835,
        0.84,
        0.675,
        0.85
      ],
      "loo_accuracies": [
        0.85,
        0.835,
        0.86,
        0.795,
        0.825,
        0.84,
        0.835
      ]
    },
    "mmlu_pro": {
      "pb_design": [
        [
          -1,
          -1,
          1,
          -1,
          1,
          1
        ],
        [
          1,
          -1,
          -1,
          -1,
          -1,
          1
        ],
        [
          -1,
          1,
          -1,
          -1,
          1,
          -1
        ],
        [
          1,
          1,
          1,
          -1,
          -1,
          -1
        ],
        [
          -1,
          -1,
          1,
          1,
          -1,
          -1
        ],
        [
          1,
          -1,
          -1,
          1,
          1,
          -1
        ],
        [
          -1,
          1,
          -1,
          1,
          -1,
          1
        ],
        [
          1,
          1,
          1,
          1,
          1,
          1
        ]
      ],
      "loo_design": [
        [
          1,
          1,
          1,
          1,
          1,
          1
        ],
        [
          -1,
          1,
          1,
          1,
          1,
          1
        ],
        [
          1,
          -1,
          1,
          1,
          1,
          1
        ],
        [
          1,
          1,
          -1,
          1,
          1,
          1
        ],
        [
          1,
          1,
          1,
          -1,
          1,
          1
        ],
        [
          1,
          1,
          1,
          1,
          -1,
          1
        ],
        [
          1,
          1,
          1,
          1,
          1,
          -1
        ]
      ],
      "pb_results": [],
      "loo_results": [],
      "pb_accuracies": [
        0.575,
        0.545,
        0.46,
        0.435,
        0.53,
        0.555,
        0.38,
        0.545
      ],
      "loo_accuracies": [
        0.545,
        0.55,
        0.595,
        0.49,
        0.515,
        0.53,
        0.555
      ]
    }
  },
  "analysis": {
    "gsm8k": {
      "pb_effects": [
        0.005,
        -0.0025,
        0.025,
        -0.015,
        0.0275,
        -0.02
      ],
      "pb_ci_low": [
        -0.0234,
        -0.0273,
        -0.0065,
        -0.0306,
        -0.0037,
        -0.0463
      ],
      "pb_ci_high": [
        0.0334,
        0.0223,
        0.0565,
        0.0006,
        0.0587,
        0.0063
      ],
      "pb_pvalues_adjusted": [
        0.3037,
        0.1175,
        0.0878,
        0.4239,
        0.0632,
        0.0371
      ],
      "loo_effects": [
        0.005,
        0.01,
        0.025,
        0.02,
        0.035,
        0.015
      ],
      "comparison_spearman_r": 0.4857,
      "comparison_spearman_p": 0.3287,
      "disagreements": [
        "persona",
        "cot_trigger",
        "constraints"
      ]
    },
    "bbh_date": {
      "pb_effects": [
        0.0325,
        -0.065,
        0.045,
        -0.0125,
        0.0575,
        -0.01
      ],
      "pb_ci_low": [
        0.0041,
        -0.0898,
        0.0135,
        -0.0281,
        0.0263,
        -0.0363
      ],
      "pb_ci_high": [
        0.0609,
        -0.0402,
        0.0765,
        0.0031,
        0.0887,
        0.0163
      ],
      "pb_pvalues_adjusted": [
        0.0707,
        0.0132,
        0.0127,
        0.2303,
        0.0098,
        0.4496
      ],
      "loo_effects": [
        0.015,
        -0.01,
        0.055,
        0.025,
        0.01,
        0.015
      ],
      "comparison_spearman_r": 0.2319,
      "comparison_spearman_p": 0.6584,
      "disagreements": [
        "cot_trigger",
        "constraints"
      ]
    },
    "mmlu_pro": {
      "pb_effects": [
        0.0338,
        -0.0963,
        0.0363,
        -0.0013,
        0.0612,
        0.0162
      ],
      "pb_ci_low": [
        0.0053,
        -0.121,
        0.0047,
        -0.0169,
        0.0301,
        -0.0101
      ],
      "pb_ci_high": [
        0.0622,
        -0.0715,
        0.0678,
        0.0144,
        0.0924,
        0.0426
      ],
      "pb_pvalues_adjusted": [
        0.0972,
        0.0199,
        0.0256,
        0.724,
        0.0105,
        0.1647
      ],
      "loo_effects": [
        -0.005,
        -0.05,
        0.055,
        0.03,
        0.015,
        -0.01
      ],
      "comparison_spearman_r": 0.5429,
      "comparison_spearman_p": 0.2657,
      "disagreements": [
        "system_role",
        "cot_trigger",
        "constraints"
      ]
    }
  }
}