{
  "model": "deepseek_v4_pro",
  "tasks": [
    "gsm8k",
    "bbh_date",
    "mmlu_pro"
  ],
  "entanglement": {
    "stat_matrix": [
      [
        0.0,
        0.009089802395156674,
        0.015031716054791493,
        0.059424057127334146,
        -0.00016438082711125145,
        0.004790875056641325
      ],
      [
        0.009089802395156674,
        0.0,
        0.016145955734749258,
        0.038788736901566215,
        0.0002366368543234177,
        0.016290477009689358
      ],
      [
        0.015031716054791493,
        0.016145955734749258,
        0.0,
        0.05159541597058857,
        -0.004680996600760368,
        0.005515256316081678
      ],
      [
        0.059424057127334146,
        0.038788736901566215,
        0.05159541597058857,
        0.0,
        0.018801261693032686,
        -0.00408551732545054
      ],
      [
        -0.00016438082711125145,
        0.0002366368543234177,
        -0.004680996600760368,
        0.018801261693032686,
        0.0,
        0.035377053940129626
      ],
      [
        0.004790875056641325,
        0.016290477009689358,
        0.005515256316081678,
        -0.00408551732545054,
        0.035377053940129626,
        0.0
      ]
    ],
    "pval_matrix": [
      [
        1.0,
        0.41649350827510134,
        0.8046451475622634,
        0.009588482356967427,
        0.6879815477451119,
        0.11101122687001347
      ],
      [
        0.41649350827510134,
        1.0,
        0.46255858162277413,
        0.0024319329801201234,
        0.11945122667140054,
        0.11675665643178404
      ],
      [
        0.8046451475622634,
        0.46255858162277413,
        1.0,
        0.01156099998984748,
        0.546572202347165,
        0.0920945659025908
      ],
      [
        0.009588482356967427,
        0.0024319329801201234,
        0.01156099998984748,
        1.0,
        0.30323048798568586,
        0.6334890816927163
      ],
      [
        0.6879815477451119,
        0.11945122667140054,
        0.546572202347165,
        0.30323048798568586,
        1.0,
        0.011244107845395979
      ],
      [
        0.11101122687001347,
        0.11675665643178404,
        0.0920945659025908,
        0.6334890816927163,
        0.011244107845395979,
        1.0
      ]
    ],
    "pval_adj_matrix": [
      [
        1.0,
        0.03647899470180185,
        0.03647899470180185,
        0.03647899470180185,
        0.03647899470180185,
        0.03647899470180185
      ],
      [
        0.03647899470180185,
        1.0,
        0.03647899470180185,
        0.03647899470180185,
        0.03647899470180185,
        0.03647899470180185
      ],
      [
        0.03647899470180185,
        0.03647899470180185,
        1.0,
        0.0719136176772557,
        0.0719136176772557,
        0.0719136176772557
      ],
      [
        0.03647899470180185,
        0.03647899470180185,
        0.0719136176772557,
        1.0,
        0.0719136176772557,
        0.0719136176772557
      ],
      [
        0.03647899470180185,
        0.03647899470180185,
        0.0719136176772557,
        0.0719136176772557,
        1.0,
        0.0719136176772557
      ],
      [
        0.03647899470180185,
        0.03647899470180185,
        0.0719136176772557,
        0.0719136176772557,
        0.0719136176772557,
        1.0
      ]
    ],
    "n_significant": 9
  },
  "screening": {
    "gsm8k": {
      "pb_design": [
        [
          -1,
          -1,
          1,
          -1,
          1,
          1
        ],
        [
          1,
          -1,
          -1,
          -1,
          -1,
          1
        ],
        [
          -1,
          1,
          -1,
          -1,
          1,
          -1
        ],
        [
          1,
          1,
          1,
          -1,
          -1,
          -1
        ],
        [
          -1,
          -1,
          1,
          1,
          -1,
          -1
        ],
        [
          1,
          -1,
          -1,
          1,
          1,
          -1
        ],
        [
          -1,
          1,
          -1,
          1,
          -1,
          1
        ],
        [
          1,
          1,
          1,
          1,
          1,
          1
        ]
      ],
      "loo_design": [
        [
          1,
          1,
          1,
          1,
          1,
          1
        ],
        [
          -1,
          1,
          1,
          1,
          1,
          1
        ],
        [
          1,
          -1,
          1,
          1,
          1,
          1
        ],
        [
          1,
          1,
          -1,
          1,
          1,
          1
        ],
        [
          1,
          1,
          1,
          -1,
          1,
          1
        ],
        [
          1,
          1,
          1,
          1,
          -1,
          1
        ],
        [
          1,
          1,
          1,
          1,
          1,
          -1
        ]
      ],
      "pb_results": [],
      "loo_results": [],
      "pb_accuracies": [
        0.94,
        0.925,
        0.955,
        0.935,
        0.945,
        0.93,
        0.865,
        0.95
      ],
      "loo_accuracies": [
        0.95,
        0.945,
        0.94,
        0.935,
        0.93,
        0.92,
        0.94
      ]
    },
    "bbh_date": {
      "pb_design": [
        [
          -1,
          -1,
          1,
          -1,
          1,
          1
        ],
        [
          1,
          -1,
          -1,
          -1,
          -1,
          1
        ],
        [
          -1,
          1,
          -1,
          -1,
          1,
          -1
        ],
        [
          1,
          1,
          1,
          -1,
          -1,
          -1
        ],
        [
          -1,
          -1,
          1,
          1,
          -1,
          -1
        ],
        [
          1,
          -1,
          -1,
          1,
          1,
          -1
        ],
        [
          -1,
          1,
          -1,
          1,
          -1,
          1
        ],
        [
          1,
          1,
          1,
          1,
          1,
          1
        ]
      ],
      "loo_design": [
        [
          1,
          1,
          1,
          1,
          1,
          1
        ],
        [
          -1,
          1,
          1,
          1,
          1,
          1
        ],
        [
          1,
          -1,
          1,
          1,
          1,
          1
        ],
        [
          1,
          1,
          -1,
          1,
          1,
          1
        ],
        [
          1,
          1,
          1,
          -1,
          1,
          1
        ],
        [
          1,
          1,
          1,
          1,
          -1,
          1
        ],
        [
          1,
          1,
          1,
          1,
          1,
          -1
        ]
      ],
      "pb_results": [],
      "loo_results": [],
      "pb_accuracies": [
        0.89,
        0.865,
        0.845,
        0.815,
        0.875,
        0.87,
        0.715,
        0.885
      ],
      "loo_accuracies": [
        0.885,
        0.87,
        0.9,
        0.83,
        0.86,
        0.875,
        0.87
      ]
    },
    "mmlu_pro": {
      "pb_design": [
        [
          -1,
          -1,
          1,
          -1,
          1,
          1
        ],
        [
          1,
          -1,
          -1,
          -1,
          -1,
          1
        ],
        [
          -1,
          1,
          -1,
          -1,
          1,
          -1
        ],
        [
          1,
          1,
          1,
          -1,
          -1,
          -1
        ],
        [
          -1,
          -1,
          1,
          1,
          -1,
          -1
        ],
        [
          1,
          -1,
          -1,
          1,
          1,
          -1
        ],
        [
          -1,
          1,
          -1,
          1,
          -1,
          1
        ],
        [
          1,
          1,
          1,
          1,
          1,
          1
        ]
      ],
      "loo_design": [
        [
          1,
          1,
          1,
          1,
          1,
          1
        ],
        [
          -1,
          1,
          1,
          1,
          1,
          1
        ],
        [
          1,
          -1,
          1,
          1,
          1,
          1
        ],
        [
          1,
          1,
          -1,
          1,
          1,
          1
        ],
        [
          1,
          1,
          1,
          -1,
          1,
          1
        ],
        [
          1,
          1,
          1,
          1,
          -1,
          1
        ],
        [
          1,
          1,
          1,
          1,
          1,
          -1
        ]
      ],
      "pb_results": [],
      "loo_results": [],
      "pb_accuracies": [
        0.635,
        0.6,
        0.515,
        0.485,
        0.575,
        0.61,
        0.415,
        0.595
      ],
      "loo_accuracies": [
        0.595,
        0.6,
        0.645,
        0.535,
        0.565,
        0.58,
        0.605
      ]
    }
  },
  "analysis": {
    "gsm8k": {
      "pb_effects": [
        0.0088,
        -0.0088,
        0.0237,
        -0.0162,
        0.0263,
        -0.0213
      ],
      "pb_ci_low": [
        -0.0197,
        -0.0335,
        -0.0078,
        -0.0319,
        -0.0049,
        -0.0476
      ],
      "pb_ci_high": [
        0.0372,
        0.016,
        0.0553,
        -0.0006,
        0.0574,
        0.0051
      ],
      "pb_pvalues_adjusted": [
        0.5388,
        0.5207,
        0.0914,
        0.4246,
        0.0772,
        0.0575
      ],
      "loo_effects": [
        0.005,
        0.01,
        0.015,
        0.02,
        0.03,
        0.01
      ],
      "comparison_spearman_r": 0.3769,
      "comparison_spearman_p": 0.4615,
      "disagreements": [
        "persona",
        "cot_trigger",
        "constraints"
      ]
    },
    "bbh_date": {
      "pb_effects": [
        0.0275,
        -0.06,
        0.0425,
        -0.0175,
        0.055,
        -0.0125
      ],
      "pb_ci_low": [
        -0.0009,
        -0.0848,
        0.011,
        -0.0331,
        0.0238,
        -0.0388
      ],
      "pb_ci_high": [
        0.0559,
        -0.0352,
        0.074,
        -0.0019,
        0.0862,
        0.0138
      ],
      "pb_pvalues_adjusted": [
        0.0801,
        0.0101,
        0.0037,
        0.7591,
        0.0022,
        0.7235
      ],
      "loo_effects": [
        0.015,
        -0.015,
        0.055,
        0.025,
        0.01,
        0.015
      ],
      "comparison_spearman_r": 0.2319,
      "comparison_spearman_p": 0.6584,
      "disagreements": [
        "cot_trigger",
        "constraints"
      ]
    },
    "mmlu_pro": {
      "pb_effects": [
        0.0375,
        -0.1025,
        0.0375,
        -0.01,
        0.07,
        0.015
      ],
      "pb_ci_low": [
        0.0091,
        -0.1273,
        0.006,
        -0.0256,
        0.0388,
        -0.0113
      ],
      "pb_ci_high": [
        0.0659,
        -0.0777,
        0.069,
        0.0056,
        0.1012,
        0.0413
      ],
      "pb_pvalues_adjusted": [
        0.0297,
        0.0164,
        0.0637,
        0.4181,
        0.0082,
        0.6594
      ],
      "loo_effects": [
        -0.005,
        -0.05,
        0.06,
        0.03,
        0.015,
        -0.01
      ],
      "comparison_spearman_r": 0.3714,
      "comparison_spearman_p": 0.4685,
      "disagreements": [
        "system_role",
        "cot_trigger",
        "constraints"
      ]
    }
  }
}